21881046
22046279
21733926
21653132
21910852
21691876
21675545
21724859
21648613
21607916
21591345
21718095
21636922
21598198
21844796
21751449
21696535
21553343
21625019
21679122
21596906
21631631
21650507
22173380
21677870
21726331
21955868
21809690
21610652
21692167
21708177
21551911
21500302
22039337
21763001
21954846
21826212
21727012
21642432
21966007
21629949
21406814
21435789
22021552
21720661
21892828
21677489
21478170
21772630
22094100
21837272
22135359
22375324
21577279
21887708
21771597
21682007
21651559
21784282
21698809
21887187
21903939
21791616
21869815
21644045
21826482
21593920
21782598
21427124
21807917
21474332
21852641
21870836
21704720
21561739
21472770
21857671
22116442
22638214
21792798
21708618
21849535
21776306
22108127
21761479
23015520
22122104
21917314
22087758
23113025
22750357
22231050
23125049
22431751
22321051
22110541
22801695
21979743
22151249
22836260
22471267
21897797
21890443
22165715
21791826
22361458
21882970
22079372
21823997
21885584
21912696
21995864
21971798
21839497
22019418
22444787
21816182
21920100
21989231
21968041
21623787
22028485
21688339
21623846
21560807
22284021
21839206
21680625
22185023
21812295
22093269
21995974
21985714
21849005
21658693
21845538
22197156
21886195
21858954
22269304
22554745
22236049
22898288
21796064
21797195
21812154
21656850
21663452
21796945
21865937
21509510
21803528
21597167
21697076
21905742
21970375
21541981
21448524
22396846
21645849
21740418
21632353
21707696
21670426
21837242
21553263
21727975
21764434
21753763
21668892
21736721
21945648
22106705
21775685
21785073
21739917
21861208
21841591
21494661
21672199
21693969
21504451
21583881
21679572
21914379
22366036
22038194
22277890
21900883
21756249
21684142
21474784
21910291
21777429
22115120
21848755
22100523
21867990
21956158
22132373
21958522
21827403
21952120
22366708
22086706
21933304
22240348
22703788
22279312
21943113
22255016
21828967
22123977
21752331
21670295
21923225
21752281
22673942
22040307
21904771
22334476
21900291
21725170
22087507
22015151
22297787
22095082
21912505
24477979
25243904
23520380
22904740
27369763
29822611
24544224
23223566
22255167
22537462
21699781
21898319
21737964
22501444
22111504
22287207
22063743
22064754
22580073
22276878
22081055
22354485
22581897
22676696
22180194
22506242
22889211
22127212
21986596
22295422
22079052
22237171
22413937
22274934
22541150
22686235
22293800
22119238
22043755
22025449
21822595
22413928
21926932
21906945
22089000
21813978
