21196876
21313207
21287439
21458482
21692768
21625570
21774833
21364094
21791816
22041290
22002766
21453854
22352551
22706744
22159394
22223887
21808468
22141591
21936551
21740078
21898869
21779343
21911663
21419539
21823376
22014980
22405972
21976527
21594732
21389612
21384673
21577158
21662701
21394451
21351549
21381206
21268001
21221993
21676196
21573411
21484912
21339667
21387819
21606514
21445247
21576557
21578400
21529598
20694232
22181806
21000894
19996405
19962982
19857090
19913067
19819038
19878130
19887909
20147733
20030790
20004461
19759115
19762060
20111795
20376838
22364644
22051188
21704991
21746920
21626612
21568902
21539116
21381055
21533615
21468442
21103579
21487438
21898879
21503588
21612667
21570565
21387048
21278851
21573542
21538474
21326111
21454426
21287117
21487958
21702597
21355808
21365657
21397637
21403188
21359925
21482368
21433976
21630490
21973832
22279863
22237764
21926301
22575504
22562240
22405562
22111994
22391395
22413617
22205451
22164144
21669043
21218126
20849005
20937053
20299742
20118678
20105553
20358433
20078010
20229599
20267661
20150688
20193129
20294391
20012476
20018387
20046320
20072391
20088229
20097918
20368141
20592467
20288821
20405934
20513728
20187839
20244317
20058703
20158944
20051270
20184433
20190334
20239678
20030730
20305804
20572179
20849066
20518678
20692367
20062571
20008679
20269173
19992929
20053485
20144647
20069034
20169854
20139607
20583932
20627504
19992157
20305723
20164475
20250548
19912897
20240830
20153483
20222395
20362330
19866479
19857502
20130460
20388641
20196275
20181166
20141291
20239557
20320211
20184262
19930340
19826262
20168963
20235690
20296335
20302507
20329228
20248344
20537263
20147792
20285674
20147793
20242974
20473361
20221764
20137504
20022736
20092608
20335379
20087719
20186426
20263423
19978932
19989533
19944848
19997798
20012296
19884292
19957902
20337744
20020181
19989542
20009300
20135670
19977399
20249776
20025741
20174996
20463953
20171348
19883370
20142483
19810011
20362440
20379143
23281817
21385133
21307947
21339306
21099321
21285564
21453223
21353273
21289892
21453614
21572238
21585514
21594812
21168643
21388179
21294200
21592166
21326733
21387137
21419188
21385243
21437183
21339657
21216043
21300513
21265176
22455697
21984492
21337242
21486396
21356849
21703438
21464264
21432564
21321894
21777569
21656559
21774323
21369914
21343294
21770525
21663162
21321793
21396596
21335188
21422896
21302758
21384532
21363331
21522995
21280064
21228757
21316092
21151128
21447562
21332964
21235079
21218267
21375836
22142452
21480695
21351720
21328997
21906223
22269303
23730439
23029998
21823797
21453333
21728075
21440909
21354295
21282288
21780204
21656128
23189451
21665155
21724278
21858713
21534628
21339167
21371317
21709409
21709660
21820300
21510061
21596766
21675876
21541741
21498999
21367530
21397267
21621302
21486697
21514158
21367260
21344135
21414940
21477198
21479834
21483470
21387087
21215481
21643755
21406825
21361469
21415571
21317426
21347813
21210181
21289171
21531291
21460436
21745297
21444326
21280885
21357020
21528847
21470296
21486576
21485614
21391295
21519790
21818687
21662340
21694772
21288660
21433475
21512245
22005041
21479713
21661278
21592518
21674383
21897446
21690324
21578632
21116102
21597306
21131211
20488199
20455247
20053944
20055629
20103930
20242964
20130149
20241220
20616173
20046060
20168723
20086927
20089132
20382299
20201285
20108228
20090664
20089331
20070837
20142193
20020112
20137142
19956800
20077790
20397918
20092208
20018668
19827765
19804581
20174985
20141502
20143004
20218747
20323798
24151218
22598919
21402607
21596204
21711773
21239077
21271528
21470625
21759344
21452021
21373060
21247733
21484261
21283140
21570296
21440178
21247131
21233245
21381586
21472449
21612577
21384322
21713447
21339507
21691916
21618738
21273130
21258593
21507066
21328936
21261789
21310040
21210812
21572259
21725971
21338265
21351770
21443815
21306474
21333986
21390564
21423687
21306224
21318577
21226833
