44045769
44241812
44007877
44093209
44010142
44676507
44253604
44252021
44223787
44252161
44472480
44488480
44894611
44368302
44991316
44290234
44666408
44098539
44762270
44722004
44088911
44750838
44420531
44905883
44607467
44971688
44539697
44620030
44367721
44229187
44882238
44170786
44594752
44459936
44638334
44704511
44737032
44622385
46705412
44888550
44397367
44776787
44562130
44371128
44211945
44657070
44448674
44134268
45447261
44130099
44704219
44102458
44541832
45016844
44178010
44340880
44428016
44559765
44219038
45316774
45279072
45016974
45111673
44903769
44340490
44265376
44854114
44365336
45192548
44153113
44352582
44543275
44910261
44564785
44790805
44962750
44355669
44650818
44300953
45056058
44525000
44929778
44672329
44016223
44114389
44046410
44008097
44490414
44535499
44066919
43949276
44057721
44380505
44948084
44421273
45603487
44191536
44798139
44899782
44624228
44417836
44131692
44166659
44233586
44800202
44001234
44623938
45187949
44737363
44694652
44314129
44226692
44161018
44921353
44302015
45206564
44323186
44982489
44380665
44637473
44382850
44054516
44881457
45418106
44889342
44134227
44758283
44413828
44320602
45413938
44371748
45457220
44643916
45584883
44321272
45085314
44054766
44596535
44066700
44528756
44740709
44877500
45734066
44816273
45074845
45040439
45372449
44777119
44412907
44497888
44102227
44582649
45132383
44974674
44611122
44296445
44229389
44055177
44210543
44516062
45337313
45344267
44908688
44201335
44564846
44596094
44198420
45520871
44225120
44458153
44368342
44324017
44112977
44270626
44345209
44150187
44541220
44862731
44959053
44842313
44976718
44973552
44746842
46306674
44602096
44293411
44194852
44799281
45131442
44655247
44630410
44710462
44411434
44288411
44230670
44245469
44895022
44532013
44634588
44692077
44563392
44157952
44450880
44665877
44639347
44798990
44970305
44594291
44040178
44273813
44411153
44275395
44205733
43993530
44941190
44234978
44658604
44350848
44422205
44470946
44552532
44417575
44154465
44567060
44864995
44581568
44340809
44135210
44183080
44145490
43973191
43923137
44110762
44951149
44464095
44514429
44326342
44293710
44493491
44385685
44723507
44415421
44600885
44820691
44436623
44538245
44172851
44092628
44171248
44568482
45030009
44626402
44358884
43882860
44201164
44252933
44053023
44042363
44769995
44292027
43977610
43950319
44789241
44169675
44251470
44040770
44452572
44093219
44767801
44280064
44452110
44032815
44486467
44188821
44054607
44407557
44063514
44837843
44084082
45013758
44124981
44272038
43822435
43945739
44019650
44273542
44919921
44029448
44325401
44002947
44061570
43948465
44238094
44707797
44094672
44333146
44061398
44331653
43986627
44058253
44001735
44031182
44895323
44827875
44770837
44324218
44334749
43944206
44070627
44751139
44397899
44576457
44039908
44661279
44328747
44507627
44224418
44278682
44932122
44117796
44156279
43940119
44346541
44061098
44139608
44204129
44201346
45268742
44089232
44846340
44098999
44690775
44140399
44589883
44217746
44034848
44382319
43979403
44764475
44193911
44147562
43955669
44110011
43884824
43944357
44057080
44034047
44497697
43921503
44164144
44001976
44277260
43996826
43977981
44561970
44388320
45125020
44410923
44359846
44217196
44172209
44107597
44153724
44561399
44057602
44279353
44083531
44315482
44135820
44142925
44936130
44114380
44853724
44220510
44492128
44127175
44396595
44167792
44415152
44993439
44227605
45069033
44038166
44021664
44082949
44413649
44106936
44241791
44829428
44034769
44437694
44229309
44546310
44015262
44229308
44129118
53699548
48022243
41315743
41467211
41306236
41667000
41781618
41417197
41506656
42150740
42084062
42184594
41829480
41625872
41252393
41380275
41347013
41460269
41536282
41435330
41546271
42349317
42281749
41755689
41517317
41450128
41843877
41484414
41201256
41418068
41432455
41319631
41286999
41389895
41834199
41681178
41524871
41692839
41374034
41475778
41468254
41673112
41850710
41621645
41376458
41256141
41412317
41610223
41539348
41331484
41153005
41292790
41347534
41490496
41765628
41522587
41378623
41605173
41585225
41567492
41664527
41976408
41920323
43946341
41385216
41417948
41577020
41244368
41285957
41955679
41666600
41418529
46019118
41335872
41510223
41551551
41314521
41378242
41991327
41804271
41329289
41534740
41647655
41637745
41852033
42038036
41885466
41368263
41319791
41399843
41518699
41406706
41339028
41452794
41378934
41548296
41717376
41418048
41358474
41643006
42193782
41610383
41460940
41676389
41440230
41989494
41558214
41411184
41382199
41354928
41433858
41808169
41237115
41308289
41565238
41212848
41201447
41424580
41349017
41223519
41474505
41511495
41135973
41886138
41499543
44214731
49428654
44251350
44090355
44051110
44191686
44125371
44233235
44070176
44011795
44132164
44252522
