5283053
5351414
5343739
5309705
5324774
5313622
5336515
5327699
5330042
5321908
5332948
5304145
5313982
5330334
5332187
5292963
5359559
5313802
5368386
5331996
5313842
5315876
5299365
5308662
5299264
5300157
5293964
5308092
5315716
5321867
5326306
5352344
5346054
5325174
5312690
5359068
5335433
5403012
5331716
5321988
5351273
5328911
5315094
5342667
5387151
5323119
5344711
5350050
5342036
5322508
5343699
5335624
5301749
5316137
5346714
5315646
5372483
5330063
5318190
5293583
5301980
5304644
5334471
5343198
5293694
5305436
5427989
5343649
5319112
5305928
5306738
5298223
5285809
5302810
5340673
5284096
5307871
5292622
5263366
5256133
5264718
5379868
5285448
5275810
5278635
5288363
5272033
5256423
5256233
5253427
5265260
5245813
5288074
5283094
5294565
5295027
5278555
5261372
5338139
5288834
5300788
5336094
5415416
5550481
5401148
5337066
5314513
5357435
5334131
5331366
5402760
5363797
5352234
5327829
5302180
5287852
5299406
5301799
5274879
5321426
5291770
5284687
5256914
5352817
5288063
5294295
5323160
5271211
5300307
5274797
5258688
5381109
5304845
5263697
5269258
5264118
5267925
5264399
5234742
5296248
5260962
5274948
5306198
5353587
5332578
5335142
5314894
5344340
5319693
5326496
5344390
5325404
5249460
5279707
5319633
5271612
5295708
5279187
5251474
5312440
5373194
5338910
5340753
5303563
5331134
5312049
5401809
5302772
5325825
5300546
5266021
5250662
5303172
5313652
5304474
5389455
5321286
5301279
5277603
5312320
5282813
5317599
5306869
5342546
5300187
5284536
5339481
5333019
5322148
5297952
5302751
5270019
5308721
5303282
5316867
5290598
5314884
5298002
5331897
5344820
5356523
5352816
5369748
5347036
5343628
5377132
5389545
5386992
5335183
5332097
5337537
5332738
5303242
5328539
5328530
5334861
5326657
5333018
5308542
5319744
5318631
5300066
5302089
5339031
5329642
5365490
5310636
5285438
5341716
5323280
5303442
5311498
5301769
5293223
5298292
5319985
5300166
5462665
5361974
5360110
5345052
5333569
5334832
5336755
5400176
5352655
5333971
5316017
5346434
5326196
5361121
5325104
5336214
5358426
5401809
5340191
5352957
5309093
5313212
5327628
5318160
5336275
5378735
5277584
5292721
5283725
5361903
5312049
5299856
5406107
5305828
5293463
5303984
5318712
5266161
5298524
5295386
5303643
5298112
5301679
5261403
5355221
5351875
5314774
5302912
5331094
5334582
5306498
5316337
5338538
5317710
5333520
5332708
