7615008
7592806
7563241
7552409
7551348
7536560
7768880
7720609
7709367
7693978
7670935
7655855
7659372
7631019
7610410
7597325
7601733
7593808
7556697
7547470
7538864
7521240
7506933
7487686
7471596
7465074
7460644
7450336
7425468
7426821
7432493
7400781
7396704
7398548
7404358
7373360
7367188
7343824
7371787
7394039
7396613
7383920
7364744
7363039
7496052
7747620
7729696
7743652
7684490
7674290
7658461
7651507
7629927
7610288
7599018
7581364
7570153
7558741
7547580
7539314
7520299
7509878
7490622
7482979
7469912
7467118
7453392
7432853
7427903
7426029
7486134
7701592
7707484
7764141
7742270
7730277
7687195
7676665
7678940
7666757
7637290
7615690
7624345
7596133
7592285
7588789
7556146
7555444
7549053
7528113
7483699
7496654
7466015
7462810
7459233
7421190
7420139
7452099
7401514
7401733
7392786
7399068
7414407
7370054
7525989
7731228
7723044
7719647
7660695
7629907
7637441
7603316
7600871
7588749
7572999
7566706
7529636
7544685
7545586
7500591
7501813
7503517
7494629
7462519
7448433
7424456
7427723
7431640
7422744
7396624
7386404
7405762
7387115
7385001
7387998
7372598
7359273
7400811
7735006
7691033
7716500
7664643
7646387
7619768
7764622
7785481
7763691
7722012
7706953
7698787
7669611
7636057
7628915
7626058
7605180
7587686
7568500
7572046
7539053
7593378
7753812
7776995
7879521
7840866
7850184
7823384
7799789
7772187
7759702
7742780
7723214
7705750
7700170
7671055
7637150
7642451
7609939
7590651
7608036
7630948
7590953
7583348
7703336
7752289
7698736
7682196
7648592
7644544
7615380
7615188
7594690
7582657
7593687
7543392
7545616
7534335
7514067
7521421
7494029
7480432
7460946
7461066
7465654
7437021
7432692
7425338
7390893
7406463
7391705
7396925
7399238
7463772
7731609
7708546
7668820
7688217
7647771
7632160
7610439
7602896
7606191
7579982
7570654
7696662
7772968
7720638
7705180
7677176
7665033
7644104
7629906
7609438
7604228
7589951
7564984
7560344
7632160
7517845
7558029
7522963
7520739
7491795
7487226
7472698
7451338
7445186
7438683
7420679
7430137
7395682
7402995
7391032
7392497
7386183
7357210
7420419
7743282
7698637
7671344
7705731
7637370
7621160
7630989
7612163
7573179
7564112
7572998
7544915
7529485
7529836
7506964
7497815
7484130
7489580
7467098
7456748
7454283
7441520
7427422
7448642
7385493
7410299
7393118
7387747
7395692
7354345
7353411
7356638
7355275
7378500
7371516
7348412
7391074
7390412
7363551
7366035
7396033
7380674
7360395
7366486
7359403
7358452
7389310
7408146
7657530
7722802
7688026
7670183
7662958
7646417
7627562
7608956
7592896
7572418
7560204
7561427
7518445
7547832
7516390
7496854
7484251
