3144627
3170725
3164123
3140769
3160867
3155828
3157070
3167309
3158022
3194441
3222163
3241169
3203438
3229408
3643483
3381817
3459033
3256498
3194040
3294030
3186376
3187949
3172459
3165807
3165847
3146650
3163382
3150839
3171958
3215581
3220190
3183400
3187909
3180725
3185243
3237122
3228096
3201434
3242672
3214760
3247412
3224006
3455236
3284292
3242893
3320280
3668270
3399139
3343193
3310190
3257821
3313557
3325178
3290914
3321462
3335728
3303537
3334487
3306825
3308647
3309709
3312815
3321773
3282178
3324006
3264003
3418096
3345308
3282949
3300472
3254645
3338003
3347451
3300122
3330849
3319708
3332383
3314239
3323896
3479321
3551819
3488339
3390162
3351008
3314910
3354304
3392707
3308297
3323156
3363912
3295343
3357441
3316193
3322774
3296754
3329197
3334618
3310160
3275424
3316232
3312495
3295703
3352241
3284652
3335258
3318436
3323546
3324859
3376677
3410872
3365325
3352130
3318686
3505181
3384302
3335599
3380934
3286366
3385744
3460846
3691553
3650026
3840898
3612874
3430459
3426992
3383700
3343293
3390173
3370034
3377007
3411673
3360606
3316833
3348383
3386726
3336852
3350527
3343152
3326161
3331371
3324858
3352360
3347271
3368591
3354925
3293659
3311544
3317745
3347972
3319988
3322815
3386956
3287988
3329588
3642762
3467790
3425329
3340929
3286716
3463190
3391775
3329096
3358111
3321121
3352191
3324919
3300572
3289861
3342192
3332403
3298789
