10535509
10507306
10434978
10586306
10493329
10433866
10381197
10368433
10296326
10220883
10225902
10194512
10207426
10179866
10220872
10217826
10240650
10251139
10226023
10261360
10241281
10232945
10231332
10234068
10236021
10231502
10270316
10233126
10226984
10290775
10245689
10227625
10239197
10223657
10222836
10235761
10254346
10258494
10226373
10271077
10232113
10223858
10229889
10221854
10249386
10246401
10263514
10234839
10236261
10328918
10360337
10329699
10270236
10234217
10281558
10298108
10264896
10228868
10453514
10849135
10783189
10764734
10713006
10695012
10657201
10640879
10585494
10623296
10590233
10562591
10512867
10506485
10473983
10465837
10494962
10430660
10404872
10367380
10354106
10281297
10259525
10225441
10231773
10228538
10270978
10314770
10255909
10307427
10336944
10292809
10256439
10221523
10228237
10242914
10274064
10320572
10275736
10341131
10343385
10281929
10281267
10246711
10272170
10321403
10345369
10283381
10396626
10830359
10754154
10738815
10704840
10706173
10658423
10629868
10624658
10588690
10574974
10553915
10522956
10490825
10473311
10455888
10431642
10427855
10390715
10366219
10341832
10258784
10234347
10225552
10231883
10272070
10272730
10265116
10220812
10284923
10355889
10279865
10253143
10430320
10871427
10853873
10802136
10770225
10731752
10714599
10653844
10698339
10611924
10637223
10570867
10533024
10561679
10970825
11037441
10989100
11041069
10952320
10909850
10842822
10796294
10775003
10786876
10789912
10720040
10684061
10642082
10621893
10578752
10610331
10537603
10534918
10514139
10489712
10470485
10441100
10437042
10418608
10342103
10316383
10260017
10233746
10387299
10810611
10768552
10730880
10687507
10710210
10700362
10651699
10599070
10584874
10593469
10530900
10582128
10483360
10493110
10451981
10431101
10440178
10388570
10349426
10302077
10244588
10228126
10231562
10219260
10279794
10253375
10236182
10210102
10269745
10297238
10254797
10212636
10219049
10310953
10286346
10256530
10225060
10411905
10836110
10752991
10758853
10714709
10680544
10641791
10608127
10598850
10576527
10578931
10515993
10510151
10471769
10486216
10464675
10475104
10458192
10385624
10606334
10906974
10825750
10813758
10720380
10680534
10635299
10611414
10595614
10546630
10571768
10512436
10510311
10479693
10458213
10423997
10433656
10405343
10357051
10548714
10842253
10800773
10755978
10721642
10686406
10679543
10620390
10605121
10595233
10579894
10544376
10499131
10500964
10479854
10455657
10432534
10443224
10385114
10352031
10336191
10277140
10230852
10226152
10231222
10233106
10270416
10321002
10263142
10293911
10308819
10261450
10292288
10241341
10255998
10291797
10321994
10280435
10467351
10859003
10765967
10746890
10708668
10727334
10669204
10645058
10614279
10604951
10589962
10570536
10518728
10507687
10468272
10464574
10443775
10438215
10396355
10619219
10833835
10740658
10753082
10683360
10666017
10637573
10615000
10589081
10549355
10588590
10513828
10525741
10492238
10481276
10464535
10474493
10449806
10378752
10538115
10868241
10842081
10761218
10720050
10703588
10637022
10632434
10605152
10585814
10590995
10650107
11057951
10968571
10925980
10831461
10814760
10795552
10752631
10786456
10748954
10683971
10680715
10634848
10598168
10612114
10593579
10560546
10528265
10512686
10491566
10455568
10420360
10426993
10365026
10323026
10270567
10230761
10519048
10818426
10777568
10740178
10717474
10706664
10707075
10650988
10614369
10623135
10613838
10564004
10549887
10523907
10538044
10528236
10563954
10537313
10529668
10517394
