6449679
6983392
6435251
7639137
7418287
7405763
7411144
7634137
7367180
7371208
7362651
7380836
6447244
6741042
6849759
6982329
6883823
6856021
6871318
6885978
7116585
6878082
6883593
6713699
6908029
6871149
6720502
6403431
6994543
6867051
7017507
6911926
6891257
6889353
7240789
7603238
7358534
7359605
7355368
7363302
7135010
6380398
6985736
6895856
7053475
7374473
7363202
7360838
7580905
7385966
7354195
7365548
7374644
7366228
7022296
6718238
6879455
7028277
7214159
7359235
7362030
7378682
7365146
7447321
7366669
7391136
7389683
7363714
6841181
6885406
6885366
6886908
6887720
6875818
6894682
6902839
7228817
7367410
7644807
7686916
7662751
7645177
7642322
7616664
7597938
7577589
7572901
7557561
7532564
7534487
7503499
7501084
7487838
7466699
7464985
7468553
7430921
7437263
7445999
7413157
7402718
7404060
7403589
6895455
6903039
6884714
6879735
6881869
6881278
6700816
6893500
6907298
6905725
6891607
6895365
7235931
7379143
7363753
7360938
7364436
7363383
7366248
7357793
7370556
7368633
7368563
7372199
7371498
7373993
7365316
7366970
7361820
7361299
7368933
7365618
7362051
7368192
7374093
7365657
7368923
7367431
7366518
7375887
7366820
7365166
7362581
7362230
7361900
7361148
7374534
7370437
7358564
7363182
7362682
7366258
7371118
7367721
7362070
7366088
7359455
7367171
7360788
7364013
7360989
7372319
7360037
7362301
7366668
7366910
7365727
7371399
7370247
7372249
7367371
7367731
7358694
7354687
7371859
7364525
7364575
7364034
7365457
7362721
7366068
7358604
7362240
7358484
7358604
7356760
7362282
7365166
7376127
7362932
7357852
7355689
7354796
7368283
7362211
7362520
7368533
7359255
7362832
7363784
7364414
7360408
7370306
7360587
