7811873
7815431
7790723
7775154
7780144
7740429
7738505
7721903
7705552
7701755
7678160
7667099
7667820
7645929
7626432
7638165
7613978
7599971
7599070
7594251
7586426
7559946
7563863
7560758
7558222
7548494
7567000
7564794
7555127
7567269
7571117
7559615
7575825
7561378
7565396
7557361
7564224
7565957
7561840
7565586
7564334
7564806
7566016
7560257
7565866
7562491
7557722
7563512
7564134
7647091
7576387
7566509
7560096
7558683
7557141
7637362
7564615
7571958
7566258
7565777
7562671
7565818
7559455
7570867
7564724
7560137
7569334
7560507
7570566
7565847
7562791
7556229
7559725
7561158
7558773
7561419
7567932
7567189
7559816
7566568
7559093
7572209
7562951
7571718
7563012
7563954
7558043
7576336
7563903
7562451
7567710
7564845
7567159
7564255
7560166
7572399
7563643
7562651
7558865
7555758
7561858
7559125
7559414
7560437
7561098
7562761
7564094
7559555
7571999
7565657
7562440
7563633
7560597
7560407
7558373
7561528
7562832
7557781
7562200
7562060
7562520
7569444
7564794
7567710
7558944
7563171
7555578
7564204
7564985
7569364
7559464
7560297
7562571
7568962
7570546
7563412
7560437
7562270
7558704
7557672
7558963
7559906
7564013
7558954
7562481
7558432
7577630
7563412
7561759
7562301
7557761
7563072
7560637
7561819
7556239
7559564
7562371
7564434
7561028
7564274
7560206
7566879
7568002
7568621
7556290
7559976
7559897
7559104
7560847
7560267
7559615
7561108
7560117
7558422
7569895
7561548
7563693
7559976
7559114
7558724
7558453
7560477
7672319
7576547
7566819
7560526
7562791
7616122
7568913
7569354
7562861
7559255
7559756
7561498
7557441
7561208
7559776
7560086
7559585
7560477
7571608
7556450
7574263
7574403
7561339
7559986
7558664
7558654
7562771
7560337
7555277
7559826
7803208
7958872
8069052
7947100
7925139
7895753
7894000
7855487
7846710
7821162
7809108
7778300
7774704
7768721
7784792
7750206
7721863
7775014
7713547
7677971
7663101
7666358
7638015
7629528
7630370
7610612
7594381
7641220
7607356
7596665
7574553
7556871
7558183
7556279
7564224
7567810
7603278
7843313
7906633
7901714
7889610
7855968
7823516
7835929
7773381
7774693
7758994
7739165
7740679
7710342
7706474
7703759
7681677
7676607
7667811
7643664
7634438
7630059
7614529
7591386
7594891
7597427
7584001
7559605
7562451
7559935
7569154
7561199
7586846
7556039
7562460
7563673
7563382
7560647
7562361
7576166
7559986
7562210
7555667
7562151
7574403
7645147
7937281
7890103
7877098
7849695
7840859
7812865
7813727
7785865
7775835
7758093
7747401
7739486
7714049
7697817
7704550
7671497
7667249
7664835
7630028
7633546
7633545
7608548
7594672
7605312
7594502
