8762346
8855632
8834713
8855142
8809124
8977083
8981651
8930435
9649410
8984988
8926427
8916147
8890128
8797763
8853870
8772195
8835254
8789336
8798154
8736727
8965942
8934633
8879808
8828631
8789456
8756824
8724394
8833731
8868636
8798264
8763137
8745925
8759680
8716478
8716598
8712080
8675009
8729794
8712390
8623952
8700958
8689057
8680500
8680981
8694676
8608903
8693184
8630846
8859370
8758308
8683335
8675079
8700187
8648419
8693505
8800067
8934371
8876051
8761133
8761464
8753008
8724092
8664519
8685199
8666082
8693445
8741345
8785859
8775540
8768908
8903293
8838811
8780570
8803353
8705327
8753138
8750833
8747858
8761012
8740594
8778927
8778265
8771603
8862937
8936986
8759079
8964539
8918573
8888646
8873596
8779427
8778576
8849090
8864509
8865551
8814072
8747267
8747717
8702091
8684768
8702552
8767844
8724343
8718572
8701470
8720015
8791300
8772344
8689588
8767164
8741506
8743269
8810376
8735104
8703604
8885379
8849391
8795679
8734492
8730054
8710066
8694176
8712030
8662004
8789847
8637699
8618091
8604886
8664540
8705777
8783094
8672645
8637278
8658659
9044121
8939772
8819354
8786110
8782844
8716469
8735475
8715585
8737598
8745624
8677685
8690940
8693454
8738540
8658609
8638610
8647157
8740564
8743699
8654540
8654711
8674638
8707020
8701310
8765271
8600417
8636797
8715326
8735074
8762626
8747296
8665231
8722339
8659430
8666924
8710897
8773526
8748058
8855522
8787193
8770480
8768586
9199907
9909965
9323822
8931457
8875530
8861993
8836687
8967014
8935995
8900468
8975581
8860871
8862155
8812370
8723472
8745363
8787653
8723281
8722289
8645984
8706309
8747878
8725995
8715356
8741055
8710356
8751525
8759520
8717799
8752758
8711669
8700839
8656835
8774568
8649059
8692753
8665151
8685590
8680560
8767345
8704514
8711288
8625346
8746495
8728811
8725103
8662986
8840153
8864549
8895028
8886923
8774668
8771142
8714555
8721358
8784618
8758618
8648178
8713112
8659681
8741747
8658157
9592723
8910446
8692353
8744372
8756535
8727720
8810386
8768958
8786441
8733000
8739672
8830935
8770570
