16450231
16668125
16772433
16686741
16751823
16695027
16660851
16699855
16679957
16727446
16650021
16699785
16541013
16479447
16383825
16524532
16403943
16431436
16447096
16450632
16540504
16516027
16421377
16449811
16483264
16478756
16402892
16506578
16341396
16345533
16410646
16409414
16359389
16434722
16341355
16357496
16437849
16396740
16365711
16419403
16346144
16350843
16389586
16431526
16341365
16452906
16372825
16497271
16437817
16352476
16371021
16533219
16361964
16373175
16418191
16343358
16338560
16535063
16616015
16584447
16427699
16442377
16423260
16523129
16499836
16461592
16503092
16479587
16440753
16454189
16442266
16436796
16418933
16453146
16466582
16495567
16522048
16436626
16425264
16464769
16444480
16353879
16411819
16328320
16347667
16413251
16345763
16224224
16565710
16386150
16389798
16452796
16684527
16668816
16756362
16623701
16642105
16669187
16661021
16636205
16740632
16637607
16601509
16668915
16671271
16614253
16828680
31738679
15236449
15173259
15086524
14982487
14748032
15214337
15310077
15217142
15153562
15048702
14990612
14886224
16598814
19531508
18360075
15268559
15484390
15435045
15333281
15266146
15210550
15141298
15082647
15029626
14956357
14887446
14675484
14490874
14437483
14766306
15055015
14989962
14915019
14758512
14711191
14679351
14635628
14617123
14979572
14922193
14820269
14807785
14714619
14726201
14649314
15037391
15411401
15295010
15244233
15186554
15012424
14959563
14900031
14828465
17215303
19758819
17414590
15088668
14988819
14935318
14820950
14749355
14772188
14995201
14931950
14837592
14776115
14736439
14676757
14651429
14604931
14560455
14506464
14470135
14397016
14389462
14351790
14343304
14301635
14282278
14954745
14887115
14802425
14772689
14704699
14672589
15038062
15307854
15228252
15156758
15036570
14971646
14888197
14844896
14779391
14707936
14684541
14597576
14558653
14531751
14484111
14454545
14407215
14382849
14341570
14351279
14313348
14999048
14905611
14825188
14764794
14723155
14680864
14590743
14573320
14534217
14479492
14455106
14398238
14404490
14346450
14349335
14311283
14317766
14346160
14334287
14358122
14348012
14342021
14345718
14330850
14976275
14916331
14824176
14838092
15103777
15091814
14968821
14947409
14884190
14790232
14763101
14720819
14636610
14602206
14561187
14495473
14451259
14404010
14375775
14340268
14352471
14321573
14344657
14318657
14975403
14987987
14848673
14809168
14751207
14679201
14639786
14589571
14561638
14526212
14959624
15198236
15074561
14967399
14887436
14839185
14769562
14718897
14647301
14613475
14527253
14492748
14470675
14418587
14413005
14352191
14331933
14341921
14330429
14327523
14335900
14338786
14337834
14334256
14999508
14942652
14858010
14815380
14740749
14698548
14646209
14596003
14537032
14512665
14575946
15124456
15249563
15176215
15051798
14995431
14946028
14819948
14787306
14733665
14676196
14639045
14592737
14555186
14465095
14474954
14409500
14400012
14350638
14347321
14329297
14336150
14352702
14324869
14337784
14329618
14346479
14350247
14333877
14343154
14345098
14345107
14337283
14337153
14335048
14339927
14349676
14339287
15065916
14979801
14913616
14864974
14742652
14722142
14654565
14593610
14559094
14525319
14472599
14423757
14398508
14371047
14341521
14327774
14323667
15051908
14955766
14888439
14805221
14740007
14709989
14674191
14621592
14558031
14536952
14478932
14442072
14423186
14377348
14351930
14351329
14898578
14969512
14896924
14834917
14798558
14710411
14654674
14587598
14539215
14515200
