5842940
5823813
5823372
5778797
5764250
5818262
5836467
5840785
5860042
5805228
5784177
5868267
5808534
5810358
5868519
5866855
5871484
5831608
5747499
5793164
5849121
5906961
5860643
5845063
5847899
5879539
5885921
5874680
5918292
5833611
5839203
5963919
5928061
5931307
5966294
5930666
5920577
5880720
5824545
5885020
5930776
5875461
5912982
5881042
5840636
5921689
5937488
5872796
5912451
5845785
5896391
5807182
5750373
5893336
5898164
5902031
5865662
5838431
5868458
5897814
5853109
5877045
5905017
5864230
5810307
5826087
5815548
5913925
5899406
5880641
5874580
5887264
5853900
5867175
5883767
5878828
5917291
5872576
5892424
5922802
5978137
5931316
5972094
5899858
5917431
5875151
5877115
5864080
5828893
5905478
5912751
5896170
5903695
5938601
5996892
5940275
5989048
5948920
5883437
5954230
5900389
5881683
5921609
5907222
5901972
5936027
5897162
5894126
5914446
5959320
5924103
5938060
5907261
6026758
6050103
6008254
6024103
5970652
5926478
5853359
5840816
5905508
5763819
5860313
5817580
5809877
5887254
5854081
5841306
5873187
5883747
5815537
5814606
5872616
5833891
5846236
5795619
5842088
5895299
5827540
5831978
5846266
5833151
5856544
5870823
5856716
5897884
5917781
5846396
5828392
5879439
5861786
5888525
5839243
5890329
5884288
5817140
5818092
5861334
5821008
5893245
5864921
5807021
5863379
5903194
5888265
5870963
5904557
5871454
5910949
5858688
5837640
5857086
5870652
5825527
5801220
5799547
5872606
5875953
5830826
5847929
5911109
5816529
5796341
5883357
5887564
5896742
5862337
5823632
5884248
5827760
5781934
5803444
5804426
5827370
5868098
5822751
5850613
5874289
5858759
5806190
5831788
5876494
5874370
5820116
5865793
5890540
5832579
5817261
5802723
5847909
5814906
5880732
5850955
5829834
5873768
5817100
5791121
5822400
5874720
5860874
5794177
5773057
5791682
5799066
5799997
5819846
5796571
5790390
5892935
5857688
5847318
5888396
5871394
5830565
5869520
5897523
5849282
5893576
5884509
5864180
5835846
5776684
5764520
5807893
5815708
5853279
5873287
5868899
5823392
5847748
5836186
5815417
5870322
5880972
5857027
5824805
5868769
5870622
5767286
5827269
5801079
5809626
5924655
5939032
5924495
5914645
5905478
5899537
5888967
5834943
5828763
5849753
5840234
5832961
5829283
5790219
5779960
5797454
5785379
5849893
5841577
5792685
5801430
5830376
5795600
5793025
5858699
5863178
5823812
5780812
5816479
5825617
5765863
5793045
5837338
5833181
5863318
5884628
5837850
5792694
5856205
5795509
5800720
5820156
5846566
5845414
5777274
5811750
6110758
5870342
5906941
5842659
5829424
5858249
5885370
5928130
5894688
5883777
5856926
5839233
5862417
5877365
5863779
5816029
5849902
5881222
5817952
5830205
5843250
5787594
5844132
5887194
5860854
5838411
5926597
5826318
5817301
5884458
6027730
5983276
5937008
5904035
5871283
5897873
5859160
5850504
5828331
5927620
5891933
5892544
5879218
5925276
5891421
5852848
5865282
5906370
5922281
5870883
5797623
5835155
5804988
5798826
5862886
5806390
5841446
5872586
5786803
5777375
5840996
5828883
5829594
5844321
5810989
5904327
5846546
5852277
5827260
5836708
5791251
5787895
5803103
5795139
5860092
5817331
5786222
5802463
5802784
5840485
5836037
5844733
5869759
5917831
5871012
5888426
5899066
6168808
5947989
5923403
5888156
5886251
5867968
5847819
5791582
5873307
5856104
5850484
5815557
5851606
5816819
5796261
5869971
5915848
5841146
5874208
5840264
5831278
5892233
5879499
5861053
5851526
5878187
5873618
