8149151
8095869
8327929
8038130
8253839
8159951
8386090
8063788
8231958
8081913
8306730
8030045
8226877
8111569
8327219
8034283
8162486
8059539
8248138
8044051
8136046
8133712
8245363
8080851
8297081
8205918
8287984
8010376
8137919
8114324
8208253
8045945
7992462
7997352
7998274
7958509
8026417
7987462
8097262
8071563
8054451
8049432
8063156
8007241
7981381
7992904
8095178
8166303
8105848
8101480
8073617
8051355
8113422
8087393
8040204
8077685
8015817
7986370
8009324
8209355
8076262
8505608
8128581
8281071
8030445
8289437
8041836
8174097
7986281
8461614
8100027
8242077
8064780
8427459
8098484
8374779
8066313
8388585
8018202
8257827
8027911
8172325
8237076
8181753
7996771
8102262
8379778
8230033
8132429
8111549
8339312
8214255
8101710
8143540
8277324
8090449
8100098
8102391
8255252
8313082
8097823
8081703
8222910
8182814
8179709
8045594
8353799
8152056
8139551
8030766
8314615
7979458
8125245
7958869
8263789
8048019
8227189
8028362
8196860
7960582
8317200
8023923
8239281
7977233
8185820
7969299
8378126
8054922
8297983
7983125
8174499
8210177
8325185
8139862
8284979
8092062
8247637
8117982
8276601
8093906
8289457
8076092
8213072
8041826
8118712
8052026
8051295
8256525
8085920
8231737
8052867
8197222
8053619
8337398
8070761
8284587
8018953
8428191
8056695
8188404
8010667
8315085
7977214
8286832
8026838
8308934
8049461
8226057
8010467
8292933
8125445
8256524
8103895
8145183
8079367
8216779
8146175
8177906
8060983
7980449
8311719
7989587
8213944
7994818
8105156
7966233
8325065
8178366
8270370
8111759
8259479
8057266
8100137
7981883
7962605
7982123
7998866
8090239
8163909
8112080
8089808
8082704
8039021
7994657
7991812
8103283
8116999
8144562
8159760
8107111
8083284
8168427
8167946
8106740
8090860
8045613
8030495
8014885
8145824
8192973
8169319
8131045
8079278
8133821
8207662
8156655
8108172
8153649
8257085
8257076
8166062
8121067
8094898
8070952
8042508
8018042
7972324
8076342
8063898
8034313
8005628
7965481
7950874
7971934
7960011
8022480
8010266
7981431
7974569
7972425
7958478
7974830
7948960
7983886
7960292
7965652
7975150
7988115
8027469
8005848
7980931
8023943
8221869
8158598
8206048
8228371
8169890
8127039
8098794
8056184
8067385
8083466
8219173
8173677
8137508
8100237
8071102
8039533
7990870
8095889
8064550
8185179
8191010
8207401
8196169
8185319
8122991
8110597
8066213
8060121
8014254
8011900
7975581
8013714
8078937
8114124
8071463
8070982
8072394
8131377
7966042
8214003
8026969
8138430
7990990
8218711
7987433
8099476
7936987
8030124
7961292
7939612
8218372
7970140
8348730
8162264
8130254
7972364
8084949
7951706
8086020
8069759
8066904
8052316
8069570
8072515
8052115
8030074
8130055
7934683
8103974
8130815
8130415
7948459
8072845
7954731
7973567
7964800
7985660
7945263
7971844
7958819
7956604
7975471
7979578
8055372
8055863
8042288
7989417
7964881
7963207
7952978
7944501
8011197
7987133
7990469
7952517
7984759
7977014
7964719
8039503
8055653
7985850
7973938
8030524
8058689
7996210
8012651
8064620
8049801
8043931
7997252
7987433
7959341
8082894
8244892
8188866
8145905
8135475
8186060
8157045
8093766
8110156
8099707
8123151
8057936
8068386
8239763
8207962
8155813
8130575
8187532
8142638
8103203
8086722
8151325
8154479
8113593
8067535
8210447
8203594
8186240
8125255
8139532
8107932
8101079
8050874
8103913
8320496
8112000
8054501
8136046
8172724
8152827
8131407
8102232
8049170
8034542
7977124
8113222
8264440
8200428
8139121
8178065
8180009
8131547
8126077
8105798
8085559
8101830
8242368
8219795
8140535
8125115
8166033
8157717
8142618
8158448
8242428
8215275
8176743
8131317
8225906
8220787
8118181
8115898
8086843
8066343
8074730
8036336
8012901
8028942
8022029
8002973
8022259
7994105
8094116
8037659
8039914
7991191
7991511
7975591
7993474
7958719
7968808
7961174
7972314
7943880
7982965
7954460
7979328
7959701
7967234
7984147
7956094
8061564
8067686
8047536
8005738
8001300
7979489
7963077
7981382
7971392
7958879
7957817
7962887
7966314
7947478
7956975
7944301
7966523
7941245
7973577
7948859
7963638
7969299
7945975
7957807
7953680
7974147
7941736
7968537
7942669
7988405
7995838
8150764
7955743
8188996
7974599
8271824
8018662
8287483
8133170
8461493
8223502
8600397
8121708
8333872
7965982
8121518
8100116
8395478
8035114
8276052
8352036
8456264
8393083
8558418
8606710
8390489
8357487
8283104
8315296
8355913
8453188
8416669
8377373
8361383
8430194
8399386
8385350
8352928
8393804
8351966
8338420
8371703
8439842
8377243
8431897
8439813
8504847
8474138
8403242
8406820
8352197
8399135
8495519
8528951
8513082
8433281
8400679
8374158
8379980
8381521
8374309
8300108
8300779
8356124
8392983
8396640
8377194
8388174
8374348
8345704
8351955
8361254
8337719
8336927
8282383
8320535
8341907
8316749
8397052
8346145
8383957
8389085
8400067
8453138
8340504
8388395
8358157
8427029
8444121
8471794
8498815
8410196
8405197
8368307
8333752
8368638
8382504
8381751
8373918
8415637
8317089
8372114
8368997
8336406
8300929
8362245
8365372
8362396
8300146
8343940
8303824
8378617
8386822
8317759
8357948
8313913
8366033
8374378
8380961
8312891
8318973
8366874
8295539
8388836
8350903
8394005
8330255
8359730
8315075
8392502
8354901
8334182
8294146
8316339
8270000
8405977
8321769
8356004
8321799
8341927
8417810
8418291
8330244
8347367
8381882
8374208
8314364
8407662
8340254
8392342
8378827
8322730
8277074
8389016
8344752
8359761
8433851
8390798
8284928
8419394
8382304
8377064
8406429
8353539
8369629
8403493
8399416
8333601
8344130
8374940
8317310
8394306
8355182
8364659
8386231
8368818
8314104
8387043
8370040
8389286
8405748
8390029
8401690
8405948
8360691
8380440
8409425
8393384
8372324
8371533
8361043
8412120
8424193
8425696
8781922
8509765
8395098
8429373
8397442
8390199
8384277
8376051
8480661
8452557
8434202
8470661
8322348
8388004
8359521
8359480
8361554
8385359
8356653
8359670
8394878
8343820
8406279
8508102
8465371
8499526
8472134
8463027
8433681
8363788
8311108
8341416
8399246
8319725
8333059
8326146
8330345
8349020
8400067
8424293
8394416
8326908
8300579
8320997
8338150
8301700
8373536
8385209
8486592
8412060
8455913
8433049
8401871
8690419
8669920
8458899
8491821
8390098
8407651
8385460
8371974
8422380
8448969
8385039
8386822
8396640
8414815
8331918
8351995
8387994
8410326
8336066
8531858
8449741
8462636
8501700
8439312
8385299
8396791
8423010
9051605
8499526
8476702
8415707
8425184
8375961
8418272
8459821
8359170
8349841
8389407
8306300
8313423
8344111
8362456
8372294
8438109
8358999
8397372
8411729
8371674
8339511
8486602
8408063
8384388
8436126
8377725
8384998
8410627
8426688
8397492
8379939
8410527
8402162
8341726
8417741
8399677
8447287
8404726
8524273
8484788
8444933
8426818
8416859
8375902
8403764
8353348
8408223
8386231
8483916
8425606
8428681
8413994
8457155
8448850
8494525
8455001
8425927
8415837
8434262
8431396
8391401
8402752
8383876
8362546
8413743
8413342
8381372
8335003
8357206
8299176
8404395
8338860
8353629
8322420
8344371
8356785
8410496
8361453
8322079
8303423
8340724
8263849
8366412
8286160
8321809
8370110
8379208
8333541
8418451
8443760
8512762
8489037
8405828
8370772
8492181
8499556
8437568
8442288
8579478
8549731
8530334
8482925
8548920
8516308
8515085
8455381
8422069
8421308
8370691
8313673
8305738
8320996
8378436
8390349
8336587
8373166
8354630
8364730
8432108
8342859
8343520
8321638
8382173
8416007
8391230
8359850
8322069
8333701
8359839
8348559
8351114
8326327
8320216
8266954
8303633
