10164217
10444100
10190709
10109653
10088354
10144221
10097111
10066091
10115747
10071833
10022309
10040252
10032678
10053769
10059299
10016818
10024834
10158658
10153968
10109865
10091921
10167575
10105375
10167815
10166322
10090328
10060110
10027328
10112881
10065912
10062194
10112240
10070561
10055441
10035454
10026747
10119614
10118922
10143649
10085408
10077514
10145522
10099446
10066603
10077774
10096589
10061534
10077424
10182774
10129311
10189737
10204805
10134722
10096650
10040523
10054700
10203502
10146084
10225906
10233460
10173365
10200677
10142548
10147026
10282863
10206278
10157445
10124252
10112390
12018601
10946695
10578765
10654109
10549911
10529943
10747987
10646043
10702802
10706959
10681311
10694105
10605427
10615705
10517560
10678786
10920294
12018882
11020114
10584918
10584616
10578055
10618040
10551954
10551384
10522830
10538470
10553998
10489226
10553198
10557675
10636665
10614073
10580208
10576411
10657005
10619283
10625154
10494154
12765961
10105066
9969056
9971272
9947807
9948890
9899304
9921437
9930886
9990398
9970079
9944872
9865171
9890328
9862274
9990308
10003583
9957175
9942647
9925515
9936275
9944401
10024813
9950322
9927238
9995929
9916126
10109284
10066453
10061954
10105105
10001941
10071012
10068857
9959829
10021307
9893163
9887252
9921297
10132158
10023070
10006148
9948208
9923171
9873086
9960751
9894506
9946184
10049320
10080319
10074417
10055482
10365521
10110135
10074087
10159690
10082674
10016266
10068867
9989997
10130034
10102861
9974789
10032438
9986150
10045482
10016979
10012610
10110737
10035523
10096220
10089146
10025705
10080709
10023842
10077995
10048799
10050622
10074368
10023371
10054960
10029963
10023872
10079528
10020775
10087873
10058047
9966904
10093904
10085329
10044942
9982814
9921086
9915446
9896550
9939632
9923941
9918081
10081111
10209665
10077392
10030124
10056133
9985920
9950993
9985960
9974067
10151103
10103402
10065461
10003533
9963357
9933179
9964389
10033651
9999636
9932808
9900668
9932949
9919804
9885758
9970350
10006839
9936456
9964308
9927398
9957425
9940364
9901599
9987242
9999365
9992653
9982302
9995257
9961313
9947307
9940783
9923411
9910236
9894626
9987061
9974408
9936857
9953118
9932889
9955642
9920686
9894777
9921306
9905497
9968056
9930765
10021837
9986380
9967054
9979157
9939360
10012260
9955792
9936385
10005816
9917179
9873887
9917189
10021477
9970491
9914424
9889427
9896960
9964119
9916247
9929663
9921497
9883786
9904335
9991140
9969688
9879798
9894766
9895168
9936124
9979057
9946035
9964549
9891770
9909124
9874628
9964610
9915866
9899646
9917901
9869799
10002441
9990399
9952707
9963617
9928770
10004606
9994356
10023491
9986530
9930906
9968456
9932349
9914373
10056464
9980810
10043950
10085999
10042727
10159680
10092713
10051143
10029101
10137217
